12222216
18782451032
71310583817000
71805956520207
71834552297085
72425554233832
74842815979546
75330693422988
76959687420003
79391273191671
79980897195554
80516583309685
80587845277702
81702359653578
82221759983649
84116622032112
84307400688050
85853080745515
86174610237192
86494585504534
86833981571073
89004992452376
94317217837143
95079963655241
96594507550917
98111231282218
98675142200448
101199185291628
101553872555606
101698569375359
102228729296384
104910828105172
105200830849301
105204810054381
105840448036441
106300477136129
107444859834748
108610718831698
108651070773439
108907358619313
109348678063422
109431876587852
110372418055226
112395455254818
112809109188560
113037804008732
114742322778642
115026634746636
116581754553533
117173212095661
117231507259853
119089145505438
119583605486352
119942598489800
121369993837377
121954639447247
124903763333174
125213046326879
127557531826290
127793641088496
128195973631079
128367348686124
128856426573270
131123355704017
131406927389838
136323728355613
136728245733659
139996647355899
140242176732868
805165833096
